p b802e 0 13,34 5
p bc3a0 1 136 2
p c303f 0 18 3
p c62e3 0 96 2
p 13ae14 0 73 1
p 13ae14 3 8,46,64,70,80,88,96,104,112,136,137 24
p 13ae14 10 80 6
p 13ae14 13 24 1
p 13ae14 14 24 2
p 13ae14 24 3,34,73 7
p 13ae14 25 0,3,34 13
p 13ae14 26 2,3,8,12,17,24,32,33,34,35,36,38,49,52,54,80,88,96,97,98,112,136,137,138 44
p 13ae14 27 18,96,136 9
p 13ae14 28 13,18,33,38,39,46,50,51,96,103,136 22
p 13ae14 29 34,88,96 9
p 13ae14 30 34,96,112 9
p 13ae14 31 13,33,37,50,51,72,136 14
p 13ae14 32 1,17,53,72,96,98 22
p 13ae14 56 34 5
p 13ae14 57 34 5
p 13ae14 61 33,38,88,136 11
p 13ae14 62 13,33,34,35,64,70,72,96,104,112,136 19
p 13ae14 65 98 2
p 1fffb4 0 3,34 6
p 1fffb4 3 3 1
p 1fffb4 4 3 2
p 1fffb4 6 3 1
p 21dcb4 1 34 5
p 225314 1 2 2
p 2474d4 8 112 2
p 2474d4 9 112 2
p 273bf4 0 73 2
p 2962f4 0 98 2
p 2962f4 1 98 2
p 299a74 0 98 2
p 29c014 0 88,112,136 6
p 29c014 1 112 2
p 29c014 4 88,136 4
p 2c9ad4 1 112 2
p 2cc6b4 1 113 1
p 2e68f4 0 34 1
p 2e68f4 1 3,34,73 9
p 2e68f4 2 2,33,38,45,53,72,104,112,136 15
p 2e68f4 3 0,3,34 13
p 692f60 0 0,13,33,35,36,38,50,51,136,140 20
p 6e8460 1 21 1
p 6e8460 4 21 1
s b2aa8 0 34 1
s cbea4 0 73 1
s cdd64 0 72 2
s cec70 0 98 2
s cfc0c 0 136 4
s 10f560 0 34 3
s 114f98 0 0,34 6
s 118768 0 34 3
s 119548 0 2 2
s 11a2fc 0 73,88,98,112 5
s 11e214 0 34,73 4
s 11fb10 0 2,34,36,37,38,39,47,72,80,112,136,141 25
s 120b10 0 73,136 3
s 1217e0 0 0,34 8
s 122764 0 136 2
s 128c94 0 88 2
s 1e6b94 0 45 1
s 23e394 0 35 6
s 2e4d34 0 2,21,96 12
s 2f3d74 0 0,34,139 9
s 2f4d34 0 0,2,3,5,6,13,34,45,72,80,88,96,98,136,137 34
s 2f5b40 0 33,34,40,88,96,112,136 19
s 2f77f4 0 34 8
s 2f87e4 0 34 4
s 2f97e4 0 34,98 5
s 2fa7c0 0 34,36,38,80,96,98,104,112 13
s 2fb6bc 0 34,136 7
s 2fc664 0 34,73,96,112,136 15
s 2fd5d4 0 136,139 3
s 2fe5cc 0 0,34,136,137 10
s 2ff43c 0 0,2,3,6,17,34,113,136,137 21
s 300439 0 13,34,45,80,88,96,112,136 18
s 301427 0 0,34 14
s 302413 0 3,34,72,98,136 10
s 30340f 0 34,35,88,96,104,136 18
s 3043f3 0 34,98 9
s 3053e4 0 98 1
s 3063e2 0 33,34 9
s 3073bc 0 3,34,112 10
s 3083b0 0 34,36 7
s 3093a4 0 34 2
s 30a389 0 34 5
s 30c36c 0 98 1
s 30d35f 0 88 2
s 30e35a 0 112 2
s 30f359 0 32 2
s 310340 0 73,112,136,141 6
s 31132c 0 0,34,36,37,38,72,80,88,96,98,112,138,141 26
s 312323 0 32,34,45,136 11
s 313316 0 34 7
s 3162d9 0 0,32,112 8
s 3172af 0 136 2
s 3182ac 0 34 9
s 319283 0 35 1
s 31a273 0 72,96 3
s 31b263 0 34,136 7
s 31e21f 0 3,34,73 8
s 31f20a 0 0,3,34 11
s 320096 0 3,34 6
s 321050 0 137 1
s 323f77 0 0,34,73 7
s 370c18 0 34 2
s 3734f0 0 34 1
s 380434 0 34 2
s 384068 0 34 2
s 385bb0 0 34 2
s 41b470 0 34 2
s 422e70 0 34 3
s 425424 0 34 4
s 455638 0 34 9
s 5a2e80 0 0,34 10
s 5a3e80 0 34 5
s 5a4e80 0 34 1
s 5ac820 0 34 3
s 5b4920 0 0 5
s 5b4d20 0 0 5
s 5bcb80 0 0 5
s 5bd700 0 0 5
s 5c0660 0 0,34 12
s 5c4620 0 34 9
s 5cb000 0 34,136 11
s 5dcc00 0 34 5
s 6028a0 0 73 2
s 61e1a0 0 34 11
s 622180 0 34 6
s 629580 0 34 10
s 647b20 0 73 1
s 660f00 0 88 2
s 664680 0 88 1
s 6805a0 0 34 5
s 682c80 0 34 5
s 68f6a0 0 0,13,33,34,35,36,38,45,136 24
s 692f60 0 0 5
s 6e8460 0 21 2
s 6fcc20 0 34 4
s 7008c0 0 47 1
s 7c0b00 0 34 2
s 7cd300 0 34 2
s 7d9b00 0 34 5
s 7e6300 0 34 5
s 8c00e0 0 0 5
s 8ccf60 0 0 5
s 8d1460 0 0 5
s 8dbc40 0 0 5
s 8dea40 0 0 5
s 8e29e0 0 0 5
s 8f2660 0 0 5
s 8faf60 0 0 5
s 9b1ed0 0 0 5
s 9b5cf4 0 13,33,34,36,136 7
s 9b6ceb 0 33,34,36 4
s 9b7c93 0 13,38,50,51,136 6
s 9cd6e8 0 3 1
s 9dbf2d 0 136 2
s 9eca2d 0 35 2
s 9f4779 0 45 1
s 9f56c5 0 45 1
