0 3
0 7
0 29
0 103
0 106
0 107
0 246
0 248
1 28
1 29
1 132
2 32
2 35
2 56
3 16
3 25
3 32
4 25
4 31
5 31
5 59
6 55
6 59
7 16
7 55
8 16
8 34
8 123
8 133
9 33
9 34
9 113
9 122
9 123
9 133
9 134
10 25
10 33
10 113
10 122
10 134
11 25
12 25
12 52
13 19
13 32
13 34
13 52
13 101
13 111
13 265
15 19
15 52
15 101
15 111
15 265
16 28
16 52
17 25
17 28
17 29
17 31
17 32
17 132
18 25
18 30
18 32
18 55
18 113
18 122
18 131
18 132
18 134
19 19
19 30
19 52
19 55
19 113
19 122
19 131
19 132
19 134
20 52
21 28
21 52
21 56
21 132
22 52
22 56
23 52
24 39
24 52
25 39
25 52
26 25
26 52
32 20
32 25
32 52
33 20
33 101
33 265
34 15
34 20
34 54
34 101
34 102
34 104
34 106
34 116
34 124
34 125
34 149
34 194
34 209
34 214
34 220
34 221
34 222
34 223
34 224
34 225
34 240
34 241
34 243
34 265
35 20
35 101
35 214
35 267
36 20
36 22
36 23
36 101
36 209
36 265
36 267
37 20
37 22
37 53
37 132
38 20
38 23
38 58
38 101
38 111
38 131
38 132
38 265
38 310
39 20
39 23
39 51
39 113
39 122
39 131
39 134
39 268
40 20
40 53
41 6
41 20
42 6
42 23
42 269
43 23
43 269
44 23
45 20
45 23
45 101
45 265
45 503
46 20
46 23
46 123
46 133
46 292
47 20
47 23
47 123
47 133
47 292
48 20
48 23
49 20
49 24
50 20
50 23
50 24
50 58
50 101
50 111
50 113
50 131
50 265
50 310
51 23
51 58
51 101
51 111
51 132
51 265
51 269
51 271
51 310
52 23
52 101
52 111
52 132
52 265
53 23
53 131
53 132
54 23
54 131
54 132
55 23
56 20
56 23
64 20
64 113
64 123
64 133
65 23
65 113
65 123
65 131
65 133
66 23
66 58
66 131
66 310
67 23
67 36
67 58
67 310
68 36
69 36
70 36
70 113
70 123
70 133
71 36
71 113
71 123
71 133
71 268
72 20
72 29
72 36
72 37
72 45
72 51
72 120
72 124
72 125
72 131
72 132
72 138
72 260
72 267
72 268
72 292
73 37
73 268
73 299
74 29
74 37
74 132
77 29
77 37
80 37
80 38
80 101
80 111
80 113
80 122
80 123
80 132
80 133
80 134
80 265
80 267
80 269
80 292
80 422
81 38
81 122
81 132
81 292
81 295
81 422
87 38
87 295
88 38
88 39
88 51
88 113
88 120
88 122
88 123
88 124
88 132
88 133
88 267
88 269
88 276
88 292
88 422
89 24
89 39
89 113
89 123
89 133
90 24
90 46
95 39
95 46
96 39
96 40
96 51
96 113
96 120
96 122
96 123
96 124
96 131
96 132
96 133
96 134
96 260
96 267
96 268
97 40
98 23
98 40
98 51
98 113
98 122
98 129
98 131
98 132
98 134
98 260
98 267
98 268
98 292
103 23
103 40
103 51
103 123
103 129
103 133
103 267
103 268
104 40
104 43
104 44
104 113
104 116
104 123
104 133
104 267
104 268
111 43
111 113
111 123
111 133
112 38
112 41
112 43
112 45
112 51
112 113
112 120
112 122
112 123
112 124
112 125
112 132
112 133
112 134
112 292
112 294
112 299
112 347
112 407
112 422
113 41
119 41
120 41
120 44
127 44
128 26
128 27
128 44
129 26
129 27
135 26
136 26
136 35
136 45
136 46
136 101
136 107
136 113
136 120
136 122
136 123
136 124
136 125
136 133
136 134
136 259
136 265
136 267
136 269
136 276
136 299
136 407
137 35
137 101
137 113
137 123
137 133
138 35
138 50
138 113
138 122
138 123
138 133
138 134
138 247
138 255
139 50
139 113
139 122
139 134
139 247
139 255
140 101
140 155
140 247
141 35
141 101
141 155
141 267
143 35
143 267
